0.00 0.58 0.60 0.63 0.29 0.30 0.63 0.32 0.49 
0.58 0.00 0.48 0.30 0.61 0.62 0.32 0.49 0.32 
0.60 0.48 0.00 0.53 0.63 0.63 0.55 0.51 0.31 
0.63 0.30 0.53 0.00 0.62 0.66 0.48 0.61 0.47 
0.29 0.61 0.63 0.62 0.00 0.45 0.66 0.48 0.57 
0.30 0.62 0.63 0.66 0.45 0.00 0.66 0.48 0.59 
0.63 0.32 0.55 0.48 0.66 0.66 0.00 0.58 0.46 
0.32 0.49 0.51 0.61 0.48 0.48 0.58 0.00 0.33 
0.49 0.32 0.31 0.47 0.57 0.59 0.46 0.33 0.00 
